0.000000000000000000e+00 2.626987783780411689e+01 1.850845044617489066e+01 2.452822979779987733e+01 1.607065299187424046e+01 1.347131893996124852e+01 1.993389357378907789e+01 2.018388161594961971e+01 6.653821989521563118e+00 1.090007888699262040e+01 1.189132568668091672e+01 1.636149289355581971e+01 2.615962210209846006e+01 2.347178127549754123e+01 2.364832918711243437e+01 4.935421190497912391e+00 1.420719741199974706e+01 1.339789751826898012e+01 1.177331457650928748e+01 1.984558148299599978e+01 1.584382135598527164e+01 1.022765779072869385e+01 2.371477448024204193e+01 2.659390685487079153e+01 1.431052875006172442e+01 1.149502116589267686e+01 2.967672755976179388e+01 1.110057378483907797e+01 2.279459344866668502e+01 5.491957237388350066e+00 6.473294237372715365e+00 8.060112540224327660e+00 6.108235748073765237e+00 1.644359182915383144e+01 2.097013992051810405e+01 1.232343503402568530e+01 9.963097164264370420e+00 1.731229185050948161e+01 2.033127159645322735e+01 2.015766974735506523e+01 1.614010613959921869e+01 9.794716237451575935e+00 2.459218090764076337e+01 1.753095075040726414e+01 1.891025076261272275e+01 1.474396282970237948e+01 7.915226116896827868e+00 2.764797819879636265e+01 2.270362242747428283e+01 2.420430225846606831e+01 1.925605792861220422e+01 1.242426463415496940e+01 2.395384563139630174e+01 2.128855071067886229e+01 1.040878648638511272e+01 9.793378823337633321e+00 2.950325582911565903e+01 1.488450394970913138e+01 1.148382395207998208e+01 9.928589426017138564e+00
2.626987783780411689e+01 -3.552713678800500929e-15 7.267958384803678840e+00 2.254199208916273989e+01 7.209357431512009029e+00 2.532874071346018496e+01 1.609102296176547497e+01 2.250152849252927467e+01 1.262276066968852994e+01 1.230254771124459978e+01 1.743541161425209651e+01 3.663855891094773654e+01 1.891869995156469741e+01 1.743036398352100491e+01 2.487710245093731132e+01 2.339034126031428329e+01 1.878667879717806244e+01 3.126700849036041419e+01 1.505831144631895135e+01 7.743979714214862753e+00 4.362064740841133670e+01 1.722379490385386802e+01 2.177731331551895622e+01 2.479682308406156821e+01 2.002637760805866307e+01 2.766288283808512105e+01 2.858077256764041252e+01 1.503533116491442456e+01 2.353673896347798333e+01 2.353042980008890339e+01 1.978091400578479409e+01 2.623194181225743904e+01 3.100332596423813314e+01 1.231211865575524911e+01 9.439922717017568132e+00 1.413379940663862477e+01 1.934146798026558756e+01 3.949451405296154149e+01 1.754886966251948976e+01 3.523780214738365402e+01 1.320679032031675071e+01 3.257861863963701410e+01 3.334215411652514405e+01 3.331853179203009319e+01 1.501685117855725338e+01 1.382369600511296781e+01 1.796166041080567055e+01 5.354032052378541096e+01 2.400680921034890147e+01 1.714640003882870900e+01 2.037312581727156768e+01 1.466497608775224926e+01 1.399982296035168083e+01 9.629705890046837524e+00 1.916409592183228483e+01 1.374406298309240881e+01 2.337789183294243145e+01 2.556786568589973641e+01 2.758944488331052725e+01 1.866677346558981299e+01
1.850845044617489066e+01 7.267958384803678840e+00 -1.776356839400250465e-15 2.044680968664125587e+01 7.542848160569400662e+00 1.222523752830147004e+01 1.121541276536663290e+01 2.343355957976394777e+01 1.136121159832402228e+01 1.007500195836396983e+01 1.917529763550899702e+01 3.453078043780354989e+01 9.758413349314432494e+00 1.978038286551386449e+01 1.486673439700275523e+01 1.684952193818444499e+01 1.744723577274792703e+01 2.192226410641141143e+01 1.090039588982218355e+01 6.750574310682303292e+00 3.203050843295311267e+01 8.893521229808749595e+00 9.341193568800772340e+00 1.522963683247353117e+01 1.877775148817305961e+01 2.955399093257796750e+01 3.000436835816633518e+01 8.272206683782911796e+00 1.831242028053879523e+01 1.699219263716314998e+01 1.841437885448763367e+01 1.831391015104533793e+01 2.552245684385530566e+01 7.262652449299647373e+00 9.636572527279568590e+00 1.083038586080266441e+01 1.188325985029522869e+01 3.043113065869582101e+01 1.807938545628631388e+01 2.578924799836991966e+01 1.338942547879145017e+01 2.341847514880557668e+01 1.815449367156665517e+01 3.127963297731967529e+01 1.306948298013795906e+01 1.328098360565083880e+01 7.235366171307108907e+00 4.108052473687948947e+01 1.990949043720396361e+01 1.145585044457272161e+01 1.388055642296165715e+01 8.375174479190626187e+00 2.010283761506765643e+01 6.150485417518878783e+00 1.854492432735513319e+01 9.088385063499583083e+00 1.616625327222287822e+01 1.942315532157944347e+01 2.017500573086177695e+01 1.123918780541069751e+01
2.452822979779987733e+01 2.254199208916273989e+01 2.044680968664125587e+01 -3.552713678800500929e-15 2.693573367361645765e+01 2.094755219746364361e+01 2.444703095064110343e+01 3.348635240975329452e+01 1.454775226283527090e+01 1.071352904342111145e+01 1.956665782098768602e+01 2.811376004177384047e+01 2.929258167798095513e+01 2.853006256409515373e+01 1.532813343856869892e+01 1.453625568637994192e+01 2.271669905140040413e+01 3.284126529673545747e+01 2.396724014856298623e+01 1.348215681164621316e+01 3.614515654483265195e+01 1.561552756558721633e+01 3.155605533799261408e+01 1.851761137101723165e+01 2.453964006999096270e+01 2.242545459391264728e+01 1.843702368138247039e+01 2.773909705105481294e+01 1.665441755766640597e+01 2.050778423991753030e+01 1.842498312607640898e+01 1.247743778933749326e+01 2.845150133732881770e+01 1.660033925929262821e+01 1.038114360254777502e+01 9.913960968608410695e+00 1.105095115882910761e+01 2.883513301501008286e+01 3.570820748045063198e+01 2.991601699182629659e+01 2.036644776299430504e+01 3.122962276344753008e+01 3.590616410796531710e+01 2.339415723616431109e+01 2.108566118231461317e+01 9.992512479009889148e+00 2.263061726057616596e+01 5.268447885492221872e+01 2.583383977338370130e+01 1.150900655517995119e+01 1.438558979174467645e+01 1.371235236618386821e+01 1.991939340411854786e+01 2.736644987900762871e+01 3.528173263986968777e+01 1.467870026565056385e+01 9.516031180524205269e+00 1.059112090997708222e+01 2.753655215881128626e+01 1.061703993563884652e+01
1.607065299187424046e+01 7.209357431512009029e+00 7.542848160569400662e+00 2.693573367361645765e+01 -3.552713678800500929e-15 2.016364953874734312e+01 1.435578754145226732e+01 1.142961519101454826e+01 1.240394800401545261e+01 6.782108203447805295e+00 1.743570974694629783e+01 2.956948055718136104e+01 2.198605100450924965e+01 1.472172503770880780e+01 1.982072200659345995e+01 1.797318337719073966e+01 1.616933562312896200e+01 3.036353004730513305e+01 9.855751514613320552e+00 8.285203585915624558e+00 3.644033206726803087e+01 1.241186513495977906e+01 2.520974623663325431e+01 2.832055445312994024e+01 1.404621008544085292e+01 2.394676019450309212e+01 2.966904740906835514e+01 1.160852106697931774e+01 2.058572637855452570e+01 1.461340925500606858e+01 1.561060616770465259e+01 1.804378687384592439e+01 1.576935113183018622e+01 1.170860958464718671e+01 1.511296083008144642e+01 7.943292050738755883e+00 9.800520927977199648e+00 2.471153787324206519e+01 1.153292301214159998e+01 2.678043259448821445e+01 1.607678332661903298e+01 1.844783442339773316e+01 1.567050734729786576e+01 3.656782733144689246e+01 1.188572007706770961e+01 9.193502650646239616e+00 7.662609945848577020e+00 3.928632952966131597e+01 1.892039086108465540e+01 1.673469658233186408e+01 1.085200227845422916e+01 1.508713533871639001e+01 1.180844521839187600e+01 9.556263299469208050e+00 1.015702668410868093e+01 9.904428153061830997e+00 2.572875814413222884e+01 2.287337242116998581e+01 1.606845236623929196e+01 1.738018115134059371e+01
1.347131893996124852e+01 2.532874071346018496e+01 1.222523752830147004e+01 2.094755219746364361e+01 2.016364953874734312e+01 1.776356839400250465e-15 9.305535716852928019e+00 2.805430546443515993e+01 1.664461525533723574e+01 1.371236758264434741e+01 1.560723307944000382e+01 1.311837604518938960e+01 1.298537099387918836e+01 1.317905244857595548e+01 6.215838733857214748e+00 1.428727061013390021e+01 1.970420166485164515e+01 9.903520272022074522e+00 1.147488848158531027e+01 1.219189612016472779e+01 2.430732575143511554e+01 8.352080061953161660e+00 1.783893980914063349e+01 7.572060262491707050e+00 1.199579908825914210e+01 2.537733419695593184e+01 2.599350101021286363e+01 1.345321742331116788e+01 2.304583027747290913e+01 7.206579803906217663e+00 1.115222588130662018e+01 9.233603930249801195e+00 1.738494143053293328e+01 6.145430852266579258e+00 1.064805703100172352e+01 1.517794008458586674e+01 1.032099271825974363e+01 1.947193058300240054e+01 1.756626757913598524e+01 9.945772606319046361e+00 7.136649740831695787e+00 1.262331045395251294e+01 1.726149438465333930e+01 1.858245379748203518e+01 1.478151158891423655e+01 1.403301471689532320e+01 1.206153773741050550e+01 1.703589401343575460e+01 1.277496161819071219e+01 1.379499263070439774e+01 1.470224992799269081e+01 7.577453811888758217e+00 1.983196038792100779e+01 1.190857842274172818e+01 2.272987769944505487e+01 8.017597306473458474e+00 1.968966485805328759e+01 2.158229466389973439e+01 9.696889797962761293e+00 5.294949517182773846e+00
1.993389357378907789e+01 1.609102296176547497e+01 1.121541276536663290e+01 2.444703095064110343e+01 1.435578754145226732e+01 9.305535716852928019e+00 0.000000000000000000e+00 2.810888062235645890e+01 1.714639841755091609e+01 1.296689665249519230e+01 8.383152786048261973e+00 2.625428092805500313e+01 1.261882570254277169e+01 9.850414739251167617e+00 1.319230070865759430e+01 1.573653821121915009e+01 9.353108574177575463e+00 1.648242293803246028e+01 9.649126941197529561e+00 5.905581787105225189e+00 4.201199850380374556e+01 1.541107202462327308e+01 2.300642119615447712e+01 1.191510638309540226e+01 1.984228888465449359e+01 3.278742369178013405e+01 2.279168913379962191e+01 1.867344620758633056e+01 2.119506754325367481e+01 1.228437950880978136e+01 1.378836678786804271e+01 1.407576980078687612e+01 2.500240636384401327e+01 7.009999480233768843e+00 1.457385880201662687e+01 1.627688221825769688e+01 1.175774881925754833e+01 2.314814461105998689e+01 6.994304790148568429e+00 1.990237212487288687e+01 1.003524695530836475e+01 1.786261016757554643e+01 1.830487362971170029e+01 2.359985219730390327e+01 1.277820173852733632e+01 1.610317612247246544e+01 1.285043157285122106e+01 2.592411051192337368e+01 2.187233249540754798e+01 1.011454919125445606e+01 1.897433036906388537e+01 9.979116879030517140e+00 2.115252184407236768e+01 1.133594665805245505e+01 2.955559714980191899e+01 1.323509713869128746e+01 2.661728358749865464e+01 2.618568468077160105e+01 2.123990596271665510e+01 1.443935945328739479e+01
2.018388161594961971e+01 2.250152849252927467e+01 2.343355957976394777e+01 3.348635240975329452e+01 1.142961519101454826e+01 2.805430546443515993e+01 2.810888062235645890e+01 0.000000000000000000e+00 2.111552975153243139e+01 1.804208448868588377e+01 2.605716043557630712e+01 2.400740270533857768e+01 3.263465163824598392e+01 1.333198151814897514e+01 2.094021662907787373e+01 2.686581078084996221e+01 2.946938855910214627e+01 4.236009081663005560e+01 1.510771357044255758e+01 1.893119602546550340e+01 4.223936073153257098e+01 1.269314440195620008e+01 3.908483615749499052e+01 4.391541313812383862e+01 1.716313762241043861e+01 2.018612141233075619e+01 3.951471748487570324e+01 1.934823052418088096e+01 4.433979434044062629e+01 2.482047409912089364e+01 1.949193906557349010e+01 2.174112422105727305e+01 1.806252114807181997e+01 2.793406093835614357e+01 1.980071479329224715e+01 1.528229640628412511e+01 1.542516698649173534e+01 3.572105527309717843e+01 2.617744653039237335e+01 3.692140176601257906e+01 2.306453880233401321e+01 2.844218720101850195e+01 1.735589518296436751e+01 4.400633434471622962e+01 1.280072781495251810e+01 1.114011278013537343e+01 1.824309892039033798e+01 5.590192193070650006e+01 3.121365505150768627e+01 2.585860843043420942e+01 1.102871973343768985e+01 2.099577269639704724e+01 2.110300848427905507e+01 2.622310397571248330e+01 1.256103034135596452e+01 1.927152963440142130e+01 3.235108315265035372e+01 3.798395312286967851e+01 1.536741474066091229e+01 2.754652924175502449e+01
6.653821989521563118e+00 1.262276066968852994e+01 1.136121159832402228e+01 1.454775226283527090e+01 1.240394800401545261e+01 1.664461525533723574e+01 1.714639841755091609e+01 2.111552975153243139e+01 1.776356839400250465e-15 7.594627189137276524e+00 8.600700149744888279e+00 2.095771733817004900e+01 1.847055146227580380e+01 2.166831599551885645e+01 2.241048049213492632e+01 8.082139222943800050e+00 9.077855992523932827e+00 1.494492079745941382e+01 1.607771174173612749e+01 1.053453204639128060e+01 1.595454508471294908e+01 8.064302008730898308e+00 1.860353901219238182e+01 2.115608091764646659e+01 1.177163806974113136e+01 6.937964951755841270e+00 2.782822965701583939e+01 9.853880206743514947e+00 1.464353025919753648e+01 1.007929528596199731e+01 6.673608496262519729e+00 9.097602841248130900e+00 1.440907021084092321e+01 1.241663920321619408e+01 1.171274334915974791e+01 6.696171658031840224e+00 1.017415676926689727e+01 2.027093962561897911e+01 2.080304246276858393e+01 2.644000657248756170e+01 1.126315746396791262e+01 2.029197738972411713e+01 2.931674681833192153e+01 2.205268654594919653e+01 1.927182514479708786e+01 1.349344070878268553e+01 1.217756552275241866e+01 3.917421689574038624e+01 2.209462644184405633e+01 1.770110518865977056e+01 1.902827287955674507e+01 7.470066289816669425e+00 1.878221609030829242e+01 1.521159436865939085e+01 1.337460519124201319e+01 6.646604948389590817e+00 2.072154491046550717e+01 1.077157953229890452e+01 1.794800779559558279e+01 9.053455322258944449e+00
1.090007888699262040e+01 1.230254771124459978e+01 1.007500195836396983e+01 1.071352904342111145e+01 6.782108203447805295e+00 1.371236758264434741e+01 1.296689665249519230e+01 1.804208448868588377e+01 7.594627189137276524e+00 0.000000000000000000e+00 1.073824882719559781e+01 2.100074545895597922e+01 2.632395356119572583e+01 1.680708399065548164e+01 1.208163173707164617e+01 6.490008667748644378e+00 1.352905559522049295e+01 2.099563371633326625e+01 1.168299833041135827e+01 7.959860715424988520e+00 2.365504439962299088e+01 1.063000286223377699e+01 2.626115154085062997e+01 1.976531307985313290e+01 1.171262121316613580e+01 1.699430614107167514e+01 1.408222344726261355e+01 1.601523664802574842e+01 1.330736721523244093e+01 6.548877634908769174e+00 1.079748490395474825e+01 9.425019879360489128e+00 8.601069188363624107e+00 9.695027696669395567e+00 1.153101884814141442e+01 3.968299078310454142e+00 4.045623645763209097e+00 1.892243897387114160e+01 1.175809400487359468e+01 1.713433956052306684e+01 1.291363518533618482e+01 1.213121420192951305e+01 2.066897262388894418e+01 2.533941501102538396e+01 1.078568639512235805e+01 4.349823074022164171e+00 7.025826014884084536e+00 3.135533210966318762e+01 1.175394446351219457e+01 1.291823597734661355e+01 6.283710570730461242e+00 9.133700508814069252e+00 8.623238472963979717e+00 1.362001761402974864e+01 1.492989303241755117e+01 8.019390339728486694e+00 1.798167162933851415e+01 7.993531974857024380e+00 1.663837151355853905e+01 9.311557824112995263e+00
1.189132568668091672e+01 1.743541161425209651e+01 1.917529763550899702e+01 1.956665782098768602e+01 1.743570974694629783e+01 1.560723307944000382e+01 8.383152786048261973e+00 2.605716043557630712e+01 8.600700149744888279e+00 1.073824882719559781e+01 -1.776356839400250465e-15 1.820699913363390721e+01 2.129775711039617647e+01 1.331006296022136226e+01 2.077484596946095863e+01 8.728339636946465419e+00 9.984800720379974237e+00 1.540864655578723053e+01 1.198910386649334292e+01 1.204349202698218946e+01 3.034949623552253684e+01 1.812727378453456240e+01 2.468969591659642759e+01 2.341844265478457743e+01 1.437145096904791330e+01 1.580827304922368803e+01 1.472507652936398514e+01 1.637364828956665264e+01 2.286052776922343099e+01 7.519243819711460830e+00 4.706354629349964291e+00 1.170931525170687770e+01 1.679574291221456050e+01 1.184460483305572609e+01 1.594338778437888671e+01 1.484046291736573941e+01 1.373890450014712528e+01 2.126721774275284105e+01 1.004737621104727907e+01 2.775852264191027530e+01 1.022864419315355100e+01 1.332279292356595413e+01 3.342343641607464377e+01 1.419448798744098816e+01 1.336519306692148490e+01 1.476799874555415215e+01 1.601642350181906949e+01 2.572791823350410212e+01 1.919222207698442162e+01 2.030386436066847722e+01 2.276240035213939095e+01 7.250550313654720469e+00 2.127370468168704321e+01 1.503947448992130020e+01 2.029590870174066453e+01 1.278126639901060102e+01 3.475945955727893022e+01 2.264081607392636997e+01 2.110292518838144815e+01 1.312792805884605407e+01
1.636149289355581971e+01 3.663855891094773654e+01 3.453078043780354989e+01 2.811376004177384047e+01 2.956948055718136104e+01 1.311837604518938960e+01 2.625428092805500313e+01 2.400740270533857768e+01 2.095771733817004900e+01 2.100074545895597922e+01 1.820699913363390721e+01 3.552713678800500929e-15 3.297979810084987662e+01 1.276742392002596382e+01 1.685434760720698577e+01 2.340472311654271209e+01 2.921725488091432155e+01 1.943401303124890944e+01 2.309387319941858152e+01 2.410476962490004382e+01 2.464328198951588433e+01 1.636795987086568260e+01 4.248973872923703965e+01 2.580750522270410841e+01 6.413923385919897413e+00 1.239760003706851066e+01 3.219134655093784403e+01 2.398091035231276535e+01 3.684971619251656705e+01 1.063577724273522662e+01 8.761567529240497976e+00 1.248807706451673560e+01 1.386858188352905685e+01 1.942660251517199654e+01 1.666496597820794179e+01 2.041574244427029328e+01 1.880701195290922456e+01 2.107329066563385211e+01 2.675678210971815929e+01 1.708798885443841442e+01 9.666513199499647158e+00 1.808444988232240291e+01 3.378864956328350644e+01 2.223621339507560535e+01 2.395520956019825221e+01 1.735594374831780229e+01 2.969567403369816105e+01 2.168950357979719001e+01 1.593930349859288498e+01 3.056597725797944065e+01 2.251957296710928347e+01 1.801116609639778687e+01 1.679517742083541876e+01 2.608623878251119521e+01 2.021085445512176193e+01 1.361633409459455635e+01 3.451780953096434246e+01 3.213663011214133292e+01 8.719530876166453837e+00 1.379738403477235131e+01
2.615962210209846006e+01 1.891869995156469741e+01 9.758413349314432494e+00 2.929258167798095513e+01 2.198605100450924965e+01 1.298537099387918836e+01 1.261882570254277169e+01 3.263465163824598392e+01 1.847055146227580380e+01 2.632395356119572583e+01 2.129775711039617647e+01 3.297979810084987662e+01 0.000000000000000000e+00 1.985438803305843081e+01 2.034902473593354699e+01 2.965456829510840464e+01 1.922905051405917476e+01 2.562727520853694685e+01 1.684118927266206711e+01 1.045703970858563281e+01 4.470949988674193776e+01 1.235133087197188928e+01 9.569230392977544852e+00 1.488976054389514125e+01 2.253013231208599976e+01 3.245080528676687237e+01 4.622915050730943420e+01 9.629508507945113038e+00 2.462423852599288665e+01 2.470443048061619606e+01 1.732873456686758118e+01 1.856690916543535508e+01 4.203362829240514031e+01 8.735189400773315072e+00 1.269839244848035875e+01 1.949576498142447889e+01 2.018597242257085966e+01 2.784134555042212611e+01 3.040394326778845979e+01 3.739903160466651144e+01 1.459360686369538840e+01 3.297705107843206918e+01 2.181718058098590518e+01 2.875338341187441316e+01 2.325653983173219075e+01 2.560045093157926033e+01 2.033511030558164379e+01 4.106285360819150299e+01 3.215750260453594933e+01 1.386836777028164924e+01 2.872990584897377531e+01 1.133046201716879686e+01 3.507581337775993546e+01 9.787355164976482058e+00 2.984953968385476841e+01 1.106158516955445137e+01 2.292845215326901709e+01 3.776829277408847929e+01 1.948649363307799831e+01 1.382624845997116836e+01
2.347178127549754123e+01 1.743036398352100491e+01 1.978038286551386449e+01 2.853006256409515373e+01 1.472172503770880780e+01 1.317905244857595548e+01 9.850414739251167617e+00 1.333198151814897514e+01 2.166831599551885645e+01 1.680708399065548164e+01 1.331006296022136226e+01 1.276742392002596382e+01 1.985438803305843081e+01 3.552713678800500929e-15 1.067925374790905302e+01 2.535535310015153954e+01 2.114290270171517960e+01 2.472034483226756052e+01 1.125483963342139404e+01 9.789948662118078460e+00 4.353881779632695270e+01 1.414496378240099261e+01 3.378758702293674077e+01 2.172904407740991317e+01 1.063552700142268037e+01 2.426674882475947470e+01 2.615785819212549512e+01 1.987999568133719563e+01 3.652698514630835547e+01 1.583199826197382798e+01 1.251834506226607857e+01 1.740305528244140021e+01 2.182183947835990523e+01 1.299546188565599003e+01 1.017171476004808461e+01 1.784768688461522501e+01 1.558967777966976342e+01 2.909867729756103927e+01 1.160596222245868070e+01 2.162613200086388687e+01 6.489284438334077976e+00 2.172103952228670920e+01 2.066641333805929293e+01 2.796182379760389836e+01 9.498768869483082966e+00 1.148324503183390988e+01 2.169915554372601818e+01 3.096844483065332199e+01 1.812394376474968283e+01 1.739897840398440465e+01 1.494166544867036706e+01 1.318295597887586723e+01 1.295102216656734129e+01 1.442031559995577794e+01 2.097264595020009992e+01 1.411215858635956799e+01 3.014715604847394914e+01 3.778624640996144990e+01 1.333742555772684391e+01 1.826132376890904752e+01
2.364832918711243437e+01 2.487710245093731132e+01 1.486673439700275523e+01 1.532813343856869892e+01 1.982072200659345995e+01 6.215838733857214748e+00 1.319230070865759430e+01 2.094021662907787373e+01 2.241048049213492632e+01 1.208163173707164617e+01 2.077484596946095863e+01 1.685434760720698577e+01 2.034902473593354699e+01 1.067925374790905302e+01 -3.552713678800500929e-15 1.993642772595345392e+01 2.729158221231441672e+01 2.387143293190229087e+01 1.509511535206764776e+01 1.077265972876720213e+01 3.328451459705811999e+01 9.708393221351339974e+00 2.698414811293914539e+01 1.371222716038267464e+01 1.395056008152203120e+01 2.864346032733674363e+01 2.091161251330548154e+01 2.159842455159170882e+01 2.935866658029080511e+01 1.450299309325614594e+01 1.795399092202497826e+01 1.315239674601217956e+01 2.069057646139622619e+01 1.178749777230499873e+01 8.830356701317764845e+00 1.334536401547556750e+01 9.250657549919695910e+00 2.734952447397780873e+01 2.064020332531332258e+01 1.580637027497474989e+01 1.172836419140837450e+01 2.001596334485003581e+01 1.513350910031593877e+01 3.059878634656034535e+01 1.019434970784996786e+01 8.550256845159253771e+00 1.621877799664903463e+01 3.083107092025993268e+01 1.324220431623062488e+01 1.176464085392492365e+01 5.597187505324647816e+00 9.133650636768619435e+00 1.649840332249841879e+01 1.669231029331643867e+01 2.778342989993327450e+01 1.317922812175635450e+01 1.618551207909403189e+01 2.462838283818088669e+01 1.489114013043609219e+01 1.185100142809407053e+01
4.935421190497912391e+00 2.339034126031428329e+01 1.684952193818444499e+01 1.453625568637994192e+01 1.797318337719073966e+01 1.428727061013390021e+01 1.573653821121915009e+01 2.686581078084996221e+01 8.082139222943800050e+00 6.490008667748644378e+00 8.728339636946465419e+00 2.340472311654271209e+01 2.965456829510840464e+01 2.535535310015153954e+01 1.993642772595345392e+01 0.000000000000000000e+00 1.390197435082585997e+01 1.491219783393658815e+01 1.118347433468195007e+01 1.741593643901342148e+01 2.163542964999419382e+01 1.440767498366869503e+01 2.414896668687278236e+01 2.307080936664222293e+01 2.103575153521406094e+01 1.888338672816238173e+01 1.479297051947188280e+01 1.765722415222767694e+01 2.021970849241666102e+01 6.287520972451845047e+00 1.019819174519821736e+01 9.886896804251044557e+00 9.400445190310502852e+00 1.573911835124891390e+01 1.954427021529633990e+01 1.260262969215134632e+01 8.703326534956925542e+00 2.325629303334123321e+01 1.699504053881867804e+01 2.023457846337070976e+01 1.786760615102806682e+01 1.039579827004356005e+01 2.941014537407901841e+01 1.449787268806072937e+01 1.430635203917856479e+01 1.133473408854617581e+01 7.046319083723041388e+00 3.145644098407043643e+01 2.136707890887889150e+01 1.933205012228478381e+01 1.604952443355302805e+01 1.021235981523607350e+01 2.307097393945438313e+01 2.263537804373249784e+01 1.924721809488783464e+01 1.382300420830686605e+01 2.554150019693727813e+01 8.633963236952538978e+00 2.093906735290867971e+01 9.967766830847239135e+00
1.420719741199974706e+01 1.878667879717806244e+01 1.744723577274792703e+01 2.271669905140040413e+01 1.616933562312896200e+01 1.970420166485164515e+01 9.353108574177575463e+00 2.946938855910214627e+01 9.077855992523932827e+00 1.352905559522049295e+01 9.984800720379974237e+00 2.921725488091432155e+01 1.922905051405917476e+01 2.114290270171517960e+01 2.729158221231441672e+01 1.390197435082585997e+01 -3.552713678800500929e-15 1.901604149374937336e+01 1.837486475894470672e+01 8.173798672029889190e+00 3.645549414236904084e+01 1.432566250967107813e+01 3.293043676970395239e+01 1.688034709258772637e+01 2.292910917251727909e+01 2.122232316638793037e+01 3.690066324515257179e+01 2.211204926843423380e+01 1.147191167811272905e+01 1.522776662735653019e+01 1.244129199151685050e+01 9.326320410780052583e+00 2.410508366209672815e+01 1.337412172798896570e+01 1.992924691155924677e+01 1.143270916016728123e+01 1.065165407783057816e+01 1.601568797204506822e+01 1.753050147831736538e+01 2.480129225883354138e+01 1.590247053176032388e+01 2.630701824666413557e+01 2.372868815630613781e+01 2.684388866981151622e+01 2.708940673578685221e+01 2.064988362459387616e+01 1.674214450075785976e+01 4.000282248881871539e+01 3.620941942260947144e+01 1.152055746328936792e+01 2.645630992459827979e+01 1.745083059081908772e+01 2.338992936107861453e+01 2.262617061631229376e+01 3.059926368046804868e+01 1.190390341679823294e+01 2.373900844167162916e+01 1.646653166702614968e+01 2.399476836333464647e+01 1.612560668953933884e+01
1.339789751826898012e+01 3.126700849036041419e+01 2.192226410641141143e+01 3.284126529673545747e+01 3.036353004730513305e+01 9.903520272022074522e+00 1.648242293803246028e+01 4.236009081663005560e+01 1.494492079745941382e+01 2.099563371633326625e+01 1.540864655578723053e+01 1.943401303124890944e+01 2.562727520853694685e+01 2.472034483226756052e+01 2.387143293190229087e+01 1.491219783393658815e+01 1.901604149374937336e+01 0.000000000000000000e+00 2.438388905151208164e+01 2.332345724016945354e+01 1.418256246541246313e+01 1.793927176037971805e+01 2.717857740782138265e+01 1.502117205588534254e+01 1.880435989293569321e+01 2.393396846310943360e+01 3.470958238446530686e+01 2.318954699869473401e+01 3.186809759615614723e+01 1.103788602940878860e+01 1.639454400249940136e+01 1.889247582564328809e+01 1.930765173262158640e+01 1.837002784099850672e+01 2.199544865053213272e+01 2.721590428316115862e+01 2.363961796321126485e+01 3.216915997681361716e+01 1.915499490882352518e+01 1.318151302972954575e+01 9.935110631873735443e+00 2.142211789196365856e+01 3.952746033884509558e+01 2.424533093591801247e+01 2.910604151812480467e+01 2.959083518549866909e+01 2.230486136201535530e+01 2.410027968491544925e+01 2.313593643398611732e+01 3.016698162552112095e+01 3.355238285851072533e+01 1.440751820365557734e+01 2.893886379576788670e+01 2.355726155661923826e+01 2.936177612010210325e+01 1.859401684638074670e+01 3.575628688762254370e+01 2.152393819259670593e+01 2.575695419927136243e+01 1.523169520192876547e+01
1.177331457650928748e+01 1.505831144631895135e+01 1.090039588982218355e+01 2.396724014856298623e+01 9.855751514613320552e+00 1.147488848158531027e+01 9.649126941197529561e+00 1.510771357044255758e+01 1.607771174173612749e+01 1.168299833041135827e+01 1.198910386649334292e+01 2.309387319941858152e+01 1.684118927266206711e+01 1.125483963342139404e+01 1.509511535206764776e+01 1.118347433468195007e+01 1.837486475894470672e+01 2.438388905151208164e+01 0.000000000000000000e+00 1.183946823419861794e+01 4.212030837940105243e+01 1.237284329733613042e+01 1.756271334790403316e+01 2.308249818708037537e+01 1.899192316137051506e+01 2.826331065779639573e+01 1.993675851318407410e+01 9.321520723851733692e+00 2.814578835203701601e+01 1.119033682295789056e+01 1.050563744609724637e+01 1.444888777872201757e+01 1.734794373505861032e+01 9.486262875960084884e+00 1.349508045326580685e+01 1.478894888997178114e+01 1.024524147396952678e+01 2.657369625504071209e+01 1.286935786351445543e+01 2.432186337525893194e+01 1.383499766096344885e+01 1.117997399102247336e+01 1.731635688338395695e+01 1.466224270361331072e+01 4.310071428698462270e+00 7.580114439195400955e+00 5.377000685916281775e+00 3.080596852120415718e+01 2.022525285580969978e+01 1.438258821261350562e+01 1.251408830806466099e+01 1.037843396260142725e+01 2.006443037484564229e+01 1.134206842436580942e+01 1.327840032461176989e+01 1.121859809367140137e+01 2.601014076177542833e+01 2.713451748901126592e+01 1.147942289244494773e+01 1.107880608916722132e+01
1.984558148299599978e+01 7.743979714214862753e+00 6.750574310682303292e+00 1.348215681164621316e+01 8.285203585915624558e+00 1.219189612016472779e+01 5.905581787105225189e+00 1.893119602546550340e+01 1.053453204639128060e+01 7.959860715424988520e+00 1.204349202698218946e+01 2.410476962490004382e+01 1.045703970858563281e+01 9.789948662118078460e+00 1.077265972876720213e+01 1.741593643901342148e+01 8.173798672029889190e+00 2.332345724016945354e+01 1.183946823419861794e+01 0.000000000000000000e+00 3.818539047882294568e+01 7.598380748363398496e+00 2.264686674184746096e+01 1.062083728912585556e+01 1.413981684453279186e+01 2.231244699289200639e+01 2.661734945147836484e+01 1.495092406213167813e+01 1.258321078398988568e+01 1.502599276068525214e+01 1.234363932063364544e+01 9.903757383126892577e+00 2.455575208293931411e+01 5.223310977723482296e+00 5.724717254672848199e+00 5.627175638173148364e+00 6.480444637582180256e+00 1.973245568494061430e+01 1.476833626233562313e+01 2.172911949165071377e+01 8.468887073426296652e+00 2.465332066881349249e+01 1.508477022640452425e+01 2.783011944039024144e+01 1.338172929487563323e+01 8.935843251359552042e+00 1.318015589601915849e+01 3.879031314860630175e+01 2.126519613889148985e+01 3.665023497228684590e+00 1.152322103623185612e+01 9.142708497351168973e+00 1.199685362304923864e+01 9.901522405305513530e+00 2.395272797571352186e+01 6.266118467919527646e+00 1.202156394646496196e+01 1.835246746884424951e+01 1.665872518700551197e+01 1.038476200823145135e+01
1.584382135598527164e+01 4.362064740841133670e+01 3.203050843295311267e+01 3.614515654483265195e+01 3.644033206726803087e+01 2.430732575143511554e+01 4.201199850380374556e+01 4.223936073153257098e+01 1.595454508471294908e+01 2.365504439962299088e+01 3.034949623552253684e+01 2.464328198951588433e+01 4.470949988674193776e+01 4.353881779632695270e+01 3.328451459705811999e+01 2.163542964999419382e+01 3.645549414236904084e+01 1.418256246541246313e+01 4.212030837940105243e+01 3.818539047882294568e+01 0.000000000000000000e+00 2.200435890982090115e+01 3.623940388940214063e+01 3.710591823025774261e+01 1.833723213805549790e+01 1.559064727225097258e+01 4.620861475177660793e+01 2.787284979636137194e+01 3.946265610084275721e+01 1.800611620607162067e+01 2.417540235590917774e+01 2.547000265736139468e+01 1.587651325539592051e+01 3.444456508642893766e+01 3.242221808184910969e+01 2.708036183067035907e+01 2.928775349441837506e+01 3.752227086532629841e+01 3.882369485263491526e+01 2.762640097169270348e+01 2.486400674717871340e+01 2.882651911682843604e+01 4.952433894249379875e+01 4.541860565048603604e+01 4.149524081126635622e+01 3.509072118929785944e+01 2.963143827062530988e+01 3.914340248192801397e+01 2.520794547710618261e+01 4.850304544891176306e+01 3.455211100120325085e+01 2.149948590440769181e+01 3.602218256357706849e+01 3.552665400199099111e+01 2.515996909370188916e+01 2.463188340041927304e+01 4.338141998459936843e+01 2.150165633857528746e+01 3.155679471252600266e+01 2.390278854241751105e+01
1.022765779072869385e+01 1.722379490385386802e+01 8.893521229808749595e+00 1.561552756558721633e+01 1.241186513495977906e+01 8.352080061953161660e+00 1.541107202462327308e+01 1.269314440195620008e+01 8.064302008730898308e+00 1.063000286223377699e+01 1.812727378453456240e+01 1.636795987086568260e+01 1.235133087197188928e+01 1.414496378240099261e+01 9.708393221351339974e+00 1.440767498366869503e+01 1.432566250967107813e+01 1.793927176037971805e+01 1.237284329733613042e+01 7.598380748363398496e+00 2.200435890982090115e+01 0.000000000000000000e+00 1.920706552991874005e+01 1.349677301390790873e+01 1.108145491035667440e+01 1.363353001164442801e+01 3.532483825656618137e+01 9.959735689683036242e+00 1.989615653664206008e+01 1.331877189508246317e+01 1.085503256372249403e+01 6.659496640851132909e+00 1.642021653493279487e+01 1.072833505301087520e+01 6.850508870415042750e+00 6.092372563107058880e+00 5.835914534575103119e+00 2.030182263075719362e+01 2.462890177774524858e+01 1.776853037812765379e+01 9.650532692858483585e+00 2.269950669338384230e+01 1.210769670752677563e+01 2.700677107164900548e+01 1.515918131026994331e+01 9.395842653523766685e+00 1.042807549337761053e+01 3.990123879808466967e+01 2.265878852158308732e+01 9.308115486241522518e+00 9.476884093628612504e+00 8.379484097114275443e+00 1.710310361844410920e+01 1.564551901652313504e+01 1.610394660806861111e+01 5.048871691009741092e+00 9.889311532105084623e+00 1.602700489926520078e+01 8.777371977699598204e+00 7.511233340780664847e+00
2.371477448024204193e+01 2.177731331551895622e+01 9.341193568800772340e+00 3.155605533799261408e+01 2.520974623663325431e+01 1.783893980914063349e+01 2.300642119615447712e+01 3.908483615749499052e+01 1.860353901219238182e+01 2.626115154085062997e+01 2.468969591659642759e+01 4.248973872923703965e+01 9.569230392977544852e+00 3.378758702293674077e+01 2.698414811293914539e+01 2.414896668687278236e+01 3.293043676970395239e+01 2.717857740782138265e+01 1.756271334790403316e+01 2.264686674184746096e+01 3.623940388940214063e+01 1.920706552991874005e+01 3.552713678800500929e-15 2.799479102441880229e+01 2.815879545758309632e+01 3.610813036289702183e+01 3.801610153539544967e+01 6.459542226172615642e+00 3.373776655928467250e+01 2.475932820271722790e+01 2.176422206967032480e+01 2.812250430809228874e+01 3.905033258929744022e+01 1.540754843494803694e+01 1.964138216135768289e+01 2.588503133553322755e+01 2.702955926320002433e+01 4.127323001783553735e+01 3.475550431820755648e+01 4.667722166170914022e+01 2.320621496773181391e+01 2.802784869557268976e+01 3.532936339468830766e+01 2.759145160613753944e+01 2.104041654244123549e+01 2.802080146363611135e+01 1.612579704367276889e+01 4.367249279244031612e+01 2.805736354606673189e+01 2.809665135752928222e+01 3.112936615938094320e+01 9.825326776323478839e+00 4.431858570165571365e+01 1.057433259446452745e+01 2.349574413634901049e+01 1.768339962529357123e+01 3.319832539678645844e+01 3.673063202316613030e+01 2.730491496935047735e+01 1.591531294033844723e+01
2.659390685487079153e+01 2.479682308406156821e+01 1.522963683247353117e+01 1.851761137101723165e+01 2.832055445312994024e+01 7.572060262491707050e+00 1.191510638309540226e+01 4.391541313812383862e+01 2.115608091764646659e+01 1.976531307985313290e+01 2.341844265478457743e+01 2.580750522270410841e+01 1.488976054389514125e+01 2.172904407740991317e+01 1.371222716038267464e+01 2.307080936664222293e+01 1.688034709258772637e+01 1.502117205588534254e+01 2.308249818708037537e+01 1.062083728912585556e+01 3.710591823025774261e+01 1.349677301390790873e+01 2.799479102441880229e+01 3.552713678800500929e-15 2.394882435670860588e+01 3.545732332908561091e+01 3.690225278568022560e+01 2.656436096330997287e+01 1.705074302668898412e+01 1.917936560667708079e+01 2.173880107712045273e+01 1.438738313631377963e+01 3.464445616320437438e+01 8.591267064247041674e+00 1.108237656151045591e+01 1.896946997491129139e+01 1.592084508752032868e+01 2.646816934517107356e+01 2.716122666426028331e+01 1.219042328421260102e+01 1.038170879641335986e+01 3.208900155536983334e+01 2.681643567116089955e+01 2.570544924612373094e+01 2.864340947218885347e+01 2.196481203207161670e+01 2.377184099130605688e+01 3.493672676923547726e+01 2.686298195846388737e+01 8.717574550507679376e+00 2.473193968869477999e+01 1.696169975612870218e+01 2.149613247192813148e+01 2.039476344726966417e+01 4.234276176255531965e+01 1.272711911749902214e+01 1.159666304790643032e+01 1.898536811120446544e+01 2.309574479125344482e+01 9.527948459550071192e+00
1.431052875006172442e+01 2.002637760805866307e+01 1.877775148817305961e+01 2.453964006999096270e+01 1.404621008544085292e+01 1.199579908825914210e+01 1.984228888465449359e+01 1.716313762241043861e+01 1.177163806974113136e+01 1.171262121316613580e+01 1.437145096904791330e+01 6.413923385919897413e+00 2.253013231208599976e+01 1.063552700142268037e+01 1.395056008152203120e+01 2.103575153521406094e+01 2.292910917251727909e+01 1.880435989293569321e+01 1.899192316137051506e+01 1.413981684453279186e+01 1.833723213805549790e+01 1.108145491035667440e+01 2.815879545758309632e+01 2.394882435670860588e+01 -1.776356839400250465e-15 8.973257168462824396e+00 2.934427245586792310e+01 1.253967701135355384e+01 2.565161142281745654e+01 8.006229960228800735e+00 6.847317019309470787e+00 1.213352746447969466e+01 1.146969831768060821e+01 1.155430549201334856e+01 1.100198308216199727e+01 1.070520781289467926e+01 1.370666268830145818e+01 1.754738123286998785e+01 1.820793977386599494e+01 2.011450297247411712e+01 6.608293620229319210e+00 1.528412473912305103e+01 2.574073832092409475e+01 2.914738098327465465e+01 1.806896193901634717e+01 1.291804445526825873e+01 2.010761883123964822e+01 2.175842751254098317e+01 7.871886951511054775e+00 2.520588021861161820e+01 1.562529092018537291e+01 1.036221910577864591e+01 1.080742422582997797e+01 1.128760454432872962e+01 1.011515946558415457e+01 6.569425683672063698e+00 2.965907604405617803e+01 2.631879687001688950e+01 8.113244441308314236e+00 1.123258623522784205e+01
1.149502116589267686e+01 2.766288283808512105e+01 2.955399093257796750e+01 2.242545459391264728e+01 2.394676019450309212e+01 2.537733419695593184e+01 3.278742369178013405e+01 2.018612141233075619e+01 6.937964951755841270e+00 1.699430614107167514e+01 1.580827304922368803e+01 1.239760003706851066e+01 3.245080528676687237e+01 2.426674882475947470e+01 2.864346032733674363e+01 1.888338672816238173e+01 2.122232316638793037e+01 2.393396846310943360e+01 2.826331065779639573e+01 2.231244699289200639e+01 1.559064727225097258e+01 1.363353001164442801e+01 3.610813036289702183e+01 3.545732332908561091e+01 8.973257168462824396e+00 3.552713678800500929e-15 3.810293110225882884e+01 1.862836593505460314e+01 2.856197672053527725e+01 1.537129256879411976e+01 8.025285265863052686e+00 1.241855737923274106e+01 1.482733471725907748e+01 2.461983400587700999e+01 1.834069241708802878e+01 1.273032079124015148e+01 1.793223973924747128e+01 2.235566973052333850e+01 3.353260469169640601e+01 3.374197918426582987e+01 1.617676472466514426e+01 2.678920733925843223e+01 3.919902958861797515e+01 2.989441934131823331e+01 2.894243176999331268e+01 1.932961073282736919e+01 2.721138512760403927e+01 4.332666282692717630e+01 2.620355551914295944e+01 3.192896992436602233e+01 2.535264934304290918e+01 1.582470772422215965e+01 2.239306951865520290e+01 2.789096722007884921e+01 1.493209930829651277e+01 1.252389609528648329e+01 3.220153250924425947e+01 2.258177948854347505e+01 1.732630869114647254e+01 1.683152701278145713e+01
